<?xml version="1.0"?>
<opencv_storage>
<cameraMatrix type_id="opencv-matrix">
  <rows>3</rows>
  <cols>3</cols>
  <dt>d</dt>
  <data>
    9.6260267269510211e+02 0. 6.6414966530815798e+02 0.
    9.7144865176334042e+02 3.5306754351584055e+02 0. 0. 1.</data></cameraMatrix>
<distCoeffs type_id="opencv-matrix">
  <rows>5</rows>
  <cols>1</cols>
  <dt>d</dt>
  <data>
    -1.1727066904538672e-01 -3.8794284641884919e-02
    2.7864792045148258e-03 4.9760056746636794e-03 6.3250474542594946e+00</data></distCoeffs>
</opencv_storage>
